17110603
17110604
17110605
17110606
17110607
17110608
17110609
17110610
17110611
17110612
17110613
17110614
17110615
17110616
17110617
17110618
17110619
17110620
17110621
17110622
17110623
17110624
17110625
17110626
17110627
17110628
17110629
17110630
17110631
17110632
17110633
17110634
17110635
17110636
17110637
17110638
17110639
17110640
17110641
17110642
17110643
17110644
17110645
17110646
17110647
17110648
17110649
17110650
17110651
17110652
17110653
17110654
17110655
17110656
17110657
17110658
17110659
17110660
17110661
17110662
17110663
17110664
17110665
17110666
17110667
17110668
17110669
17110670
17110671
17110672
17110673
17110674
17110675
17110676
17110677
17110678
17110679
17110680
17110681
17110682
17110683
17110684
17110685
17110686
17110687
17110688
17110689
17110690
17110691
17110692
17110693
17110694
17110695
17110696
17110697
17110698
17110699
17110700
17110701
17110702
17110703
17110704
17110705
17110706
17110707
17110708
17110709
17110710
17110711
17110712
17110713
17110714
17110715
17110716
17110717
17110718
17110719
17110720
17110721
17110722
17110723
17110724
17110725
17110726
17110727
17110728
17110729
17110730
17110731
17110732
17110733
17110734
17110735
17110736
17110737
17110738
17110739
17110740
17110741
17110742
17110743
17110744
17110745
17110746
17110747
17110748
17110749
17110750
17110751
17110752
17110753
17110754
17110755
17110756
17110757
17110758
17110759
17110760
17110761
17110762
17110763
17110764
17110765
17110766
17110767
17110768
17110769
17110770
17110771
17110772
17110773
17110774
17110775
17110776
17110777
17110778
17110779
17110780
17110781
17110782
17110783
17110784
17110785
17110786
17110787
17110788
17110789
17110790
17110791
17110792
17110793
17110794
17110795
17110796
17110797
17110798
17110799
17110800
17110801
17110802
17110803
17110804
17110805
17110806
17110807
17110808
17110809
17110810
17110811
17110812
17110813
17110814
17110815
17110816
17110817
17110818
17110819
17110820
17110821
17110822
17110823
17110824
17110825
17110826
17110827
17110828
17110829
17110830
17110831
17110832
17110833
17110834
17110835
17110836
17110837
17110838
17110839
17110840
17110841
17110842
17110843
17110844
17110845
17110846
17110847
17110848
17110849
17110850
17110851
17110852
17110853
17110854
17110855
17110856
17110857
17110858
17110859
17110860
17110861
17110862
17110863
17110864
17110865
17110866
17110867
17110868
17110869
17110870
17110871
17110872
17110873
17110874
17110875
17110876
17110877
17110878
17110879
17110880
17110881
17110882
17110883
17110884
17110885
17110886
17110887
17110888
17110889
17110890
17110891
17110892
17110893
17110894
17110895
17110896
17110897
17110898
17110899
17110900
17110901
17110902
17110903
17110904
17110905
17110906
17110907
17110908
17110909
17110910
17110911
17110912
17110913
17110914
17110915
17110916
17110917
17110918
17110919
17110920
17110921
17110922
17110923
17110924
17110925
17110926
17110927
17110928
17110929
17110930
17110931
17110932
17110933
17110934
17110935
17110936
17110937
17110938
17110939
17110940
17110941
17110942
17110943
17110944
17110945
17110946
17110947
17110948
17110949
17110950
17110951
17110952
17110953
17110954
17110955
17110956
17110957
17110958
17110959
17110960
17110961
17110962
17110963
17110964
17110965
17110966
17110967
17110968
17110969
17110970
17110971
17110972
17110973
17110974
17110975
17110976
17110977
17110978
17110979
17110980
17110981
17110982
17110983
17110984
17110985
17110986
17110987
17110988
17110989
17110990
17110991
17110992
17110993
17110994
17110995
17110996
17110997
17110998
17110999
17111000
17111001
17111002
17111003
17111004
17111005
17111006
17111007
17111008
17111009
17111010
17111011
17111012
17111013
17111014
17111015
17111016
17111017
17111018
17111019
17111020
17111021
17111022
17111023
17111024
17111025
17111026
17111027
17111028
17111029
17111030
17111031
17111032
17111033
17111034
17111035
17111036
17111037
17111038
17111039
17111040
17111041
17111042
17111043
17111044
17111045
17111046
17111047
17111048
17111049
17111050
17111051
17111052
17111053
17111054
17111055
17111056
17111057
17111058
17111059
17111060
17111061
17111062
17111063
17111064
17111065
17111066
17111067
17111068
17111069
17111070
17111071
17111072
17111073
17111074
17111075
17111076
17111077
17111078
17111079
17111080
17111081
17111082
17111083
17111084
17111085
17111086
17111087
17111088
17111089
17111090
17111091
17111092
17111093
17111094
17111095
17111096
17111097
17111098
17111099
17111100
17111101
17111102
17111103
17111104
17111105
17111106
17111107
17111108
17111109
17111110
17111111
17111112
17111113
17111114
17111115
17111116
17111117
17111118
17111119
17111120
17111121
17111122
17111123
17111124
17111125
17111126
17111127
17111128
17111129
17111130
17111131
17111132
17111133
17111134
17111135
17111136
17111137
17111138
17111139
17111140
17111141
17111142
17111143
17111144
17111145
17111146
17111147
17111148
17111149
17111150
17111151
17111152
17111153
17111154
17111155
17111156
17111157
17111158
17111159
17111160
17111161
17111162
17111163
17111164
17111165
17111166
17111167
17111168
17111169
17111170
17111171
17111172
17111173
17111174
17111175
17111176
17111177
17111178
17111179
17111180
17111181
17111182
17111183
17111184
17111185
17111186
17111187
17111188
17111189
17111190
17111191
17111192
17111193
17111194
17111195
17111196
17111197
17111198
17111199
17111200
17111201
17111202
17111203
17111204
17111205
17111206
17111207
17111208
17111209
17111210
17111211
17111212
17111213
17111214
17111215
17111216
17111217
17111218
17111219
17111220
17111221
17111222
17111223
17111224
17111225
17111226
17111227
17111228
17111229
17111230
17111231
17111232
17111233
17111234
17111235
17111236
17111237
17111238
17111239
17111240
17111241
17111242
17111243
17111244
17111245
17111246
17111247
17111248
17111249
17111250
17111251
17111252
17111253
17111254
17111255
17111256
17111257
17111258
17111259
17111260
17111261
17111262
17111263
17111264
17111265
17111266
17111267
17111268
17111269
17111270
17111271
17111272
17111273
17111274
17111275
17111276
17111277
17111278
17111279
17111280
17111281
17111282
17111283
17111284
17111285
17111286
17111287
17111288
17111289
17111290
17111291
17111292
17111293
17111294
17111295
17111296
17111297
17111298
17111299
17111300
17111301
17111302
17111303
17111304
17111305
17111306
17111307
17111308
17111309
17111310
17111311
17111312
17111313
17111314
17111315
17111316
17111317
17111318
17111319
17111320
17111321
17111322
17111323
17111324
17111325
17111326
17111327
17111328
17111329
17111330
17111331
17111332
17111333
17111334
17111335
17111336
17111337
17111338
17111339
17111340
17111341
17111342
17111343
17111344
17111345
17111346
17111347
17111348
17111349
17111350
17111351
17111352
17111353
17111354
17111355
17111356
17111357
17111358
17111359
17111360
17111361
17111362
17111363
17111364
17111365
17111366
17111367
17111368
17111369
17111370
17111371
17111372
17111373
17111374
17111375
17111376
17111377
17111378
17111379
17111380
17111381
17111382
17111383
17111384
17111385
17111386
17111387
17111388
17111389
17111390
17111391
17111392
17111393
17111394
17111395
17111396
17111397
17111398
17111399
17111400
17111401
17111402
17111403
17111404
17111405
17111406
17111407
17111408
17111409
17111410
17111411
17111412
17111413
17111414
17111415
17111416
17111417
17111418
17111419
17111420
17111421
17111422
17111423
17111424
17111425
17111426
17111427
17111428
17111429
17111430
17111431
17111432
17111433
17111434
17111435
17111436
17111437
17111438
17111439
17111440
17111441
17111442
17111443
17111444
17111445
17111446
17111447
17111448
17111449
17111450
17111451
17111452
17111453
17111454
17111455
17111456
17111457
17111458
17111459
17111460
17111461
17111462
17111463
17111464
17111465
17111466
17111467
17111468
17111469
17111470
17111471
17111472
17111473
17111474
17111475
17111476
17111477
17111478
17111479
17111480
17111481
17111482
17111483
17111484
17111485
17111486
17111487
17111488
17111489
17111490
17111491
17111492
17111493
17111494
17111495
17111496
17111497
17111498
17111499
17111500
17111501
17111502
17111503
17111504
17111505
17111506
17111507
17111508
17111509
17111510
17111511
17111512
17111513
17111514
17111515
17111516
17111517
17111518
17111519
17111520
17111521
17111522
17111523
17111524
17111525
17111526
17111527
17111528
17111529
17111530
17111531
17111532
17111533
17111534
17111535
17111536
17111537
17111538
17111539
17111540
17111541
17111542
17111543
17111544
17111545
17111546
17111547
17111548
17111549
17111550
17111551
17111552
17111553
17111554
17111555
17111556
17111557
17111558
17111559
17111560
17111561
17111562
17111563
17111564
17111565
17111566
17111567
17111568
17111569
17111570
17111571
17111572
17111573
17111574
17111575
17111576
17111577
17111578
17111579
17111580
17111581
17111582
17111583
17111584
17111585
17111586
17111587
17111588
17111589
17111590
17111591
17111592
17111593
17111594
17111595
17111596
17111597
17111598
17111599
17111600
17111601
17111602
17111603
17111604
17111605
17111606
17111607
17111608
17111609
17111610
17111611
17111612
17111613
17111614
17111615
17111616
17111617
17111618
17111619
17111620
17111621
17111622
17111623
17111624
17111625
17111626
17111627
17111628
17111629
17111630
17111631
17111632
17111633
17111634
17111635
17111636
17111637
17111638
17111639
17111640
17111641
17111642
17111643
17111644
17111645
17111646
17111647
17111648
17111649
17111650
17111651
17111652
17111653
17111654
17111655
17111656
17111657
17111658
17111659
17111660
17111661
17111662
17111663
17111664
17111665
17111666
17111667
17111668
17111669
17111670
17111671
17111672
17111673
17111674
17111675
17111676
17111677
17111678
17111679
17111680
17111681
17111682
17111683
17111684
17111685
17111686
17111687
17111688
17111689
17111690
17111691
17111692
17111693
17111694
17111695
17111696
17111697
17111698
17111699
17111700
17111701
17111702
17111703
17111704
17111705
17111706
17111707
17111708
17111709
17111710
17111711
17111712
17111713
17111714
17111715
17111716
17111717
17111718
17111719
17111720
17111721
17111722
17111723
17111724
17111725
17111726
17111727
17111728
17111729
17111730
17111731
17111732
17111733
17111734
17111735
17111736
17111737
17111738
17111739
17111740
17111741
17111742
17111743
17111744
17111745
17111746
17111747
17111748
17111749
17111750
17111751
17111752
17111753
17111754
17111755
17111756
17111757
17111758
17111759
17111760
17111761
17111762
17111763
17111764
17111765
17111766
17111767
17111768
17111769
17111770
17111771
17111772
17111773
17111774
17111775
17111776
17111777
17111778
17111779
17111780
17111781
17111782
17111783
17111784
17111785
17111786
17111787
17111788
17111789
17111790
17111791
17111792
17111793
17111794
17111795
17111796
17111797
17111798
17111799
17111800
17111801
17111802
17111803
17111804
17111805
17111806
17111807
17111808
17111809
17111810
17111811
17111812
17111813
17111814
17111815
17111816
17111817
17111818
17111819
17111820
17111821
17111822
17111823
17111824
17111825
17111826
17111827
17111828
17111829
17111830
17111831
17111832
17111833
17111834
17111835
17111836
17111837
17111838
17111839
17111840
17111841
17111842
17111843
17111844
17111845
17111846
17111847
17111848
17111849
17111850
17111851
17111852
17111853
17111854
17111855
17111856
17111857
17111858
17111859
17111860
17111861
17111862
17111863
17111864
17111865
17111866
17111867
17111868
17111869
17111870
17111871
17111872
17111873
17111874
17111875
17111876
17111877
17111878
17111879
17111880
17111881
17111882
17111883
17111884
17111885
17111886
17111887
17111888
17111889
17111890
17111891
17111892
17111893
17111894
17111895
17111896
17111897
17111898
17111899
17111900
17111901
17111902
17111903
17111904
17111905
17111906
17111907
17111908
17111909
17111910
17111911
17111912
17111913
17111914
17111915
17111916
17111917
17111918
17111919
17111920
17111921
17111922
17111923
17111924
17111925
17111926
17111927
17111928
17111929
17111930
17111931
17111932
17111933
17111934
17111935
17111936
17111937
17111938
17111939
17111940
17111941
17111942
17111943
17111944
17111945
17111946
17111947
17111948
17111949
17111950
17111951
17111952
17111953
17111954
17111955
17111956
17111957
17111958
17111959
17111960
17111961
17111962
17111963
17111964
17111965
17111966
17111967
17111968
17111969
17111970
17111971
17111972
17111973
17111974
17111975
17111976
17111977
17111978
17111979
17111980
17111981
17111982
17111983
17111984
17111985
17111986
17111987
17111988
17111989
17111990
17111991
17111992
17111993
17111994
17111995
17111996
17111997
17111998
17111999
17112000
17112001
17112002
17112003
17112004
17112005
17112006
17112007
17112008
17112009
17112010
17112011
17112012
17112013
17112014
17112015
17112016
17112017
17112018
17112019
17112020
17112021
17112022
17112023
17112024
17112025
17112026
17112027
17112028
17112029
17112030
17112031
17112032
17112033
17112034
17112035
17112036
17112037
17112038
17112039
17112040
17112041
17112042
17112043
17112044
17112045
17112046
17112047
17112048
17112049
17112050
17112051
17112052
17112053
17112054
17112055
17112056
17112057
17112058
17112059
17112060
17112061
17112062
17112063
17112064
17112065
17112066
17112067
17112068
17112069
17112070
17112071
17112072
17112073
17112074
17112075
17112076
17112077
17112078
17112079
17112080
17112081
17112082
17112083
17112084
17112085
17112086
17112087
17112088
17112089
17112090
17112091
17112092
17112093
17112094
17112095
17112096
17112097
17112098
17112099
17112100
17112101
17112102
17112103
17112104
17112105
17112106
17112107
17112108
17112109
17112110
17112111
17112112
17112113
17112114
17112115
17112116
17112117
17112118
17112119
17112120
17112121
17112122
17112123
17112124
17112125
17112126
17112127
17112128
17112129
17112130
17112131
17112132
17112133
17112134
17112135
17112136
17112137
17112138
17112139
17112140
17112141
17112142
17112143
17112144
17112145
17112146
17112147
17112148
17112149
17112150
17112151
17112152
17112153
17112154
17112155
17112156
17112157
17112158
17112159
17112160
17112161
17112162
17112163
17112164
17112165
17112166
17112167
17112168
17112169
17112170
17112171
17112172
17112173
17112174
17112175
17112176
17112177
17112178
17112179
17112180
17112181
17112182
17112183
17112184
17112185
17112186
17112187
17112188
17112189
17112190
17112191
17112192
17112193
17112194
17112195
17112196
17112197
17112198
17112199
17112200
17112201
17112202
17112203
17112204
17112205
17112206
17112207
17112208
17112209
17112210
17112211
17112212
17112213
17112214
17112215
17112216
17112217
17112218
17112219
17112220
17112221
17112222
17112223
17112224
17112225
17112226
17112227
17112228
17112229
17112230
17112231
17112232
17112233
17112234
17112235
17112236
17112237
17112238
17112239
17112240
17112241
17112242
17112243
17112244
17112245
17112246
17112247
17112248
17112249
17112250
17112251
17112252
17112253
17112254
17112255
17112256
17112257
17112258
17112259
17112260
17112261
17112262
17112263
17112264
17112265
17112266
17112267
17112268
17112269
17112270
17112271
17112272
17112273
17112274
17112275
17112276
17112277
17112278
17112279
17112280
17112281
17112282
17112283
17112284
17112285
17112286
17112287
17112288
17112289
17112290
17112291
17112292
17112293
17112294
17112295
17112296
17112297
17112298
17112299
17112300
17112301
17112302
17112303
17112304
17112305
17112306
17112307
17112308
17112309
17112310
17112311
17112312
17112313
17112314
17112315
17112316
17112317
17112318
17112319
17112320
17112321
17112322
17112323
17112324
17112325
17112326
17112327
17112328
17112329
17112330
17112331
17112332
17112333
17112334
17112335
17112336
17112337
17112338
17112339
17112340
17112341
17112342
17112343
17112344
17112345
17112346
17112347
17112348
17112349
17112350
17112351
17112352
17112353
17112354
17112355
17112356
17112357
17112358
17112359
17112360
17112361
17112362
17112363
17112364
17112365
17112366
17112367
17112368
17112369
17112370
17112371
17112372
17112373
17112374
17112375
17112376
17112377
17112378
17112379
17112380
17112381
17112382
17112383
17112384
17112385
17112386
17112387
17112388
17112389
17112390
17112391
17112392
17112393
17112394
17112395
17112396
17112397
17112398
17112399
17112400
17112401
17112402
17112403
17112404
17112405
17112406
17112407
17112408
17112409
17112410
17112411
17112412
17112413
17112414
17112415
17112416
17112417
17112418
17112419
17112420
17112421
17112422
17112423
17112424
17112425
17112426
17112427
17112428
17112429
17112430
17112431
17112432
17112433
17112434
17112435
17112436
17112437
17112438
17112439
17112440
17112441
17112442
17112443
17112444
17112445
17112446
17112447
17112448
17112449
17112450
17112451
17112452
17112453
17112454
17112455
17112456
17112457
17112458
17112459
17112460
17112461
17112462
17112463
17112464
17112465
17112466
17112467
17112468
17112469
17112470
17112471
17112472
17112473
17112474
17112475
17112476
17112477
17112478
17112479
17112480
17112481
17112482
17112483
17112484
17112485
17112486
17112487
17112488
17112489
17112490
17112491
17112492
17112493
17112494
17112495
17112496
17112497
17112498
17112499
17112500
17112501
17112502
17112503
17112504
17112505
17112506
17112507
17112508
17112509
17112510
17112511
17112512
17112513
17112514
17112515
17112516
17112517
17112518
17112519
17112520
17112521
17112522
17112523
17112524
17112525
17112526
17112527
17112528
17112529
17112530
17112531
17112532
17112533
17112534
17112535
17112536
17112537
17112538
17112539
17112540
17112541
17112542
17112543
17112544
17112545
17112546
17112547
17112548
17112549
17112550
17112551
17112552
17112553
17112554
17112555
17112556
17112557
17112558
17112559
17112560
17112561
17112562
17112563
17112564
17112565
17112566
17112567
17112568
17112569
17112570
17112571
17112572
17112573
17112574
17112575
17112576
17112577
17112578
17112579
17112580
17112581
17112582
17112583
17112584
17112585
17112586
17112587
17112588
17112589
17112590
17112591
17112592
17112593
17112594
17112595
17112596
17112597
17112598
17112599
17112600
17112601
17112602
17112603
17112604
17112605
17112606
17112607
17112608
17112609
17112610
17112611
17112612
17112613
17112614
17112615
17112616
17112617
17112618
17112619
17112620
17112621
17112622
17112623
17112624
17112625
17112626
17112627
17112628
17112629
17112630
17112631
17112632
17112633
17112634
17112635
17112636
17112637
17112638
17112639
17112640
17112641
17112642
17112643
17112644
17112645
17112646
17112647
17112648
17112649
17112650
17112651
17112652
17112653
17112654
17112655
17112656
17112657
17112658
17112659
17112660
17112661
17112662
17112663
17112664
17112665
17112666
17112667
17112668
17112669
17112670
17112671
17112672
17112673
17112674
17112675
17112676
17112677
17112678
17112679
17112680
17112681
17112682
17112683
17112684
17112685
17112686
17112687
17112688
17112689
17112690
17112691
17112692
17112693
17112694
17112695
17112696
17112697
17112698
17112699
17112700
17112701
17112702
17112703
17112704
17112705
17112706
17112707
17112708
17112709
17112710
17112711
17112712
17112713
17112714
17112715
17112716
17112717
17112718
17112719
17112720
17112721
17112722
17112723
17112724
17112725
17112726
17112727
17112728
17112729
17112730
17112731
17112732
17112733
17112734
17112735
17112736
17112737
17112738
17112739
17112740
17112741
17112742
17112743
17112744
17112745
17112746
17112747
17112748
17112749
17112750
17112751
17112752
17112753
17112754
17112755
17112756
17112757
17112758
17112759
17112760
17112761
17112762
17112763
17112764
17112765
17112766
17112767
17112768
17112769
17112770
17112771
17112772
17112773
17112774
17112775
17112776
17112777
17112778
17112779
17112780
17112781
17112782
17112783
17112784
17112785
17112786
17112787
17112788
17112789
17112790
17112791
17112792
17112793
17112794
17112795
17112796
17112797
17112798
17112799
17112800
17112801
17112802
17112803
17112804
17112805
17112806
17112807
17112808
17112809
17112810
17112811
17112812
17112813
17112814
17112815
17112816
17112817
17112818
17112819
17112820
17112821
17112822
17112823
17112824
17112825
17112826
17112827
17112828
17112829
17112830
17112831
17112832
17112833
17112834
17112835
17112836
17112837
17112838
17112839
17112840
17112841
17112842
17112843
17112844
17112845
17112846
17112847
17112848
17112849
17112850
17112851
17112852
17112853
17112854
17112855
17112856
17112857
17112858
17112859
17112860
17112861
17112862
17112863
17112864
17112865
17112866
17112867
17112868
17112869
17112870
17112871
17112872
17112873
17112874
17112875
17112876
17112877
17112878
17112879
17112880
17112881
17112882
17112883
17112884
17112885
17112886
17112887
17112888
17112889
17112890
17112891
17112892
17112893
17112894
17112895
17112896
17112897
17112898
17112899
17112900
17112901
17112902
17112903
17112904
17112905
17112906
17112907
17112908
17112909
17112910
17112911
17112912
17112913
17112914
17112915
17112916
17112917
17112918
17112919
17112920
17112921
17112922
17112923
17112924
17112925
17112926
17112927
17112928
17112929
17112930
17112931
17112932
17112933
17112934
17112935
17112936
17112937
17112938
17112939
17112940
17112941
17112942
17112943
17112944
17112945
17112946
17112947
17112948
17112949
17112950
17112951
17112952
17112953
17112954
17112955
17112956
17112957
17112958
17112959
17112960
17112961
17112962
17112963
17112964
17112965
17112966
17112967
17112968
17112969
17112970
17112971
17112972
17112973
17112974
17112975
17112976
17112977
17112978
17112979
17112980
17112981
17112982
17112983
17112984
17112985
17112986
17112987
17112988
17112989
17112990
17112991
17112992
17112993
17112994
17112995
17112996
17112997
17112998
17112999
17113000
17113001
17113002
17113003
17113004
17113005
17113006
17113007
17113008
17113009
17113010
17113011
17113012
17113013
17113014
17113015
17113016
17113017
17113018
17113019
17113020
17113021
17113022
17113023
17113024
17113025
17113026
17113027
17113028
17113029
17113030
17113031
17113032
17113033
17113034
17113035
17113036
17113037
17113038
17113039
17113040
17113041
17113042
17113043
17113044
17113045
17113046
17113047
17113048
17113049
17113050
17113051
17113052
17113053
17113054
17113055
17113056
17113057
17113058
17113059
17113060
17113061
17113062
17113063
17113064
17113065
17113066
17113067
17113068
17113069
17113070
17113071
17113072
17113073
17113074
17113075
17113076
17113077
17113078
17113079
17113080
17113081
17113082
17113083
17113084
17113085
17113086
17113087
17113088
17113089
17113090
17113091
17113092
17113093
17113094
17113095
17113096
17113097
17113098
17113099
17113100
17113101
17113102
17113103
17113104
17113105
17113106
17113107
17113108
17113109
17113110
17113111
17113112
17113113
17113114
17113115
17113116
17113117
17113118
17113119
17113120
17113121
17113122
17113123
17113124
17113125
17113126
17113127
17113128
17113129
17113130
17113131
17113132
17113133
17113134
17113135
17113136
17113137
17113138
17113139
17113140
17113141
17113142
17113143
17113144
17113145
17113146
17113147
17113148
17113149
17113150
17113151
17113152
17113153
17113154
17113155
17113156
17113157
17113158
17113159
17113160
17113161
17113162
17113163
17113164
17113165
17113166
17113167
17113168
17113169
17113170
17113171
17113172
17113173
17113174
17113175
17113176
17113177
17113178
17113179
17113180
17113181
17113182
17113183
17113184
17113185
17113186
17113187
17113188
17113189
17113190
17113191
17113192
17113193
17113194
17113195
17113196
17113197
17113198
17113199
17113200
17113201
17113202
17113203
17113204
17113205
17113206
17113207
17113208
17113209
17113210
17113211
17113212
17113213
17113214
17113215
17113216
17113217
17113218
17113219
17113220
17113221
17113222
17113223
17113224
17113225
17113226
17113227
17113228
17113229
17113230
17113231
17113232
17113233
17113234
17113235
17113236
17113237
17113238
17113239
17113240
17113241
17113242
17113243
17113244
17113245
17113246
17113247
17113248
17113249
17113250
17113251
17113252
17113253
17113254
17113255
17113256
17113257
17113258
17113259
17113260
17113261
17113262
17113263
17113264
17113265
17113266
17113267
17113268
17113269
17113270
17113271
17113272
17113273
17113274
17113275
17113276
17113277
17113278
17113279
17113280
17113281
17113282
17113283
17113284
17113285
17113286
17113287
17113288
17113289
17113290
17113291
17113292
17113293
17113294
17113295
17113296
17113297
17113298
17113299
17113300
17113301
17113302
17113303
17113304
17113305
17113306
17113307
17113308
17113309
17113310
17113311
17113312
17113313
17113314
17113315
17113316
17113317
17113318
17113319
17113320
17113321
17113322
17113323
17113324
17113325
17113326
17113327
17113328
17113329
17113330
17113331
17113332
17113333
17113334
17113335
17113336
17113337
17113338
17113339
17113340
17113341
17113342
17113343
17113344
17113345
17113346
17113347
17113348
17113349
17113350
17113351
17113352
17113353
17113354
17113355
17113356
17113357
17113358
17113359
17113360
17113361
17113362
17113363
17113364
17113365
17113366
17113367
17113368
17113369
17113370
17113371
17113372
17113373
17113374
17113375
17113376
17113377
17113378
17113379
17113380
17113381
17113382
17113383
17113384
17113385
17113386
17113387
17113388
17113389
17113390
17113391
17113392
17113393
17113394
17113395
17113396
17113397
17113398
17113399
17113400
17113401
17113402
17113403
17113404
17113405
17113406
17113407
17113408
17113409
17113410
17113411
17113412
17113413
17113414
17113415
17113416
17113417
17113418
17113419
17113420
17113421
17113422
17113423
17113424
17113425
17113426
17113427
17113428
17113429
17113430
17113431
17113432
17113433
17113434
17113435
17113436
17113437
17113438
17113439
17113440
17113441
17113442
17113443
17113444
17113445
17113446
17113447
17113448
17113449
17113450
17113451
17113452
17113453
17113454
17113455
17113456
17113457
17113458
17113459
17113460
17113461
17113462
17113463
17113464
17113465
17113466
17113467
17113468
17113469
17113470
17113471
17113472
17113473
17113474
17113475
17113476
17113477
17113478
17113479
17113480
17113481
17113482
17113483
17113484
17113485
17113486
17113487
17113488
17113489
17113490
17113491
17113492
17113493
17113494
17113495
17113496
17113497
17113498
17113499
17113500
17113501
17113502
17113503
17113504
17113505
17113506
17113507
17113508
17113509
17113510
17113511
17113512
17113513
17113514
17113515
17113516
17113517
17113518
17113519
17113520
17113521
17113522
17113523
17113524
17113525
17113526
17113527
17113528
17113529
17113530
17113531
17113532
17113533
17113534
17113535
17113536
17113537
17113538
17113539
17113540
17113541
17113542
17113543
17113544
17113545
17113546
17113547
17113548
17113549
17113550
17113551
17113552
17113553
17113554
17113555
17113556
17113557
17113558
17113559
17113560
17113561
17113562
17113563
17113564
17113565
17113566
17113567
17113568
17113569
17113570
17113571
17113572
17113573
17113574
17113575
17113576
17113577
17113578
17113579
17113580
17113581
17113582
17113583
17113584
17113585
17113586
17113587
17113588
17113589
17113590
17113591
17113592
17113593
17113594
17113595
17113596
17113597
17113598
17113599
17113600
17113601
17113602
17113603
17113604
17113605
17113606
17113607
17113608
17113609
17113610
17113611
17113612
17113613
17113614
17113615
17113616
17113617
17113618
17113619
17113620
17113621
17113622
17113623
17113624
17113625
17113626
17113627
17113628
17113629
17113630
17113631
17113632
17113633
17113634
17113635
17113636
17113637
17113638
17113639
17113640
17113641
17113642
17113643
17113644
17113645
17113646
17113647
17113648
17113649
17113650
17113651
17113652
17113653
17113654
17113655
17113656
17113657
17113658
17113659
17113660
17113661
17113662
17113663
17113664
17113665
17113666
17113667
17113668
17113669
17113670
17113671
17113672
17113673
17113674
17113675
17113676
17113677
17113678
17113679
17113680
17113681
17113682
17113683
17113684
17113685
17113686
17113687
17113688
17113689
17113690
17113691
17113692
17113693
17113694
17113695
17113696
17113697
17113698
17113699
17113700
17113701
17113702
17113703
17113704
17113705
17113706
17113707
17113708
17113709
17113710
17113711
17113712
17113713
17113714
17113715
17113716
17113717
17113718
17113719
17113720
17113721
17113722
17113723
17113724
17113725
17113726
17113727
17113728
17113729
17113730
17113731
17113732
17113733
17113734
17113735
17113736
17113737
17113738
17113739
17113740
17113741
17113742
17113743
17113744
17113745
17113746
17113747
17113748
17113749
17113750
17113751
17113752
17113753
17113754
17113755
17113756
17113757
17113758
17113759
17113760
17113761
17113762
17113763
17113764
17113765
17113766
17113767
17113768
17113769
17113770
17113771
17113772
17113773
17113774
17113775
17113776
