78 56 34 12
5A 5A 5A 5A
BB BB BB 01
32 00 00 00
46 00 00 00
32 00 00 00
32 00 00 00
2C 01 00 00
E0 01 00 00
14 00 00 00
1E 00 00 00
00 00 00 00
05 00 00 00
64 00 00 00
0A 00 00 00
14 AE 47 01
00 00 00 00
F4 01 00 00
00 20 00 00
03 20 00 00
0D 20 00 00
1D 20 00 00
33 20 00 00
50 20 00 00
72 20 00 00
99 20 00 00
C6 20 00 00
F8 20 00 00
2E 21 00 00
69 21 00 00
A6 21 00 00
E7 21 00 00
2B 22 00 00
70 22 00 00
B6 22 00 00
FD 22 00 00
45 23 00 00
8B 23 00 00
D0 23 00 00
14 24 00 00
55 24 00 00
92 24 00 00
CC 24 00 00
02 25 00 00
32 25 00 00
5C 25 00 00
80 25 00 00
9E 25 00 00
B4 25 00 00
C2 25 00 00
C8 25 00 00
C6 25 00 00
BA 25 00 00
A6 25 00 00
88 25 00 00
60 25 00 00
2E 25 00 00
F3 24 00 00
AD 24 00 00
5E 24 00 00
05 24 00 00
A3 23 00 00
37 23 00 00
C2 22 00 00
45 22 00 00
BF 21 00 00
31 21 00 00
9C 20 00 00
00 20 00 00
5E 1F 00 00
B6 1E 00 00
0A 1E 00 00
5A 1D 00 00
A6 1C 00 00
F1 1B 00 00
39 1B 00 00
81 1A 00 00
CA 19 00 00
13 19 00 00
5F 18 00 00
AE 17 00 00
01 17 00 00
5A 16 00 00
B8 15 00 00
1D 15 00 00
8A 14 00 00
01 14 00 00
80 13 00 00
0B 13 00 00
A1 12 00 00
43 12 00 00
F2 11 00 00
AE 11 00 00
79 11 00 00
53 11 00 00
3C 11 00 00
34 11 00 00
3D 11 00 00
57 11 00 00
81 11 00 00
BC 11 00 00
08 12 00 00
65 12 00 00
D2 12 00 00
51 13 00 00
E0 13 00 00
7F 14 00 00
2E 15 00 00
EC 15 00 00
B9 16 00 00
94 17 00 00
7C 18 00 00
71 19 00 00
71 1A 00 00
7C 1B 00 00
91 1C 00 00
AF 1D 00 00
D4 1E 00 00
00 20 00 00
31 21 00 00
66 22 00 00
9E 23 00 00
D7 24 00 00
10 26 00 00
47 27 00 00
7C 28 00 00
AD 29 00 00
D9 2A 00 00
FD 2B 00 00
1A 2D 00 00
2D 2E 00 00
35 2F 00 00
30 30 00 00
1F 31 00 00
FF 31 00 00
CF 32 00 00
8E 33 00 00
3B 34 00 00
D5 34 00 00
5C 35 00 00
CE 35 00 00
2A 36 00 00
71 36 00 00
A1 36 00 00
B9 36 00 00
BB 36 00 00
A4 36 00 00
76 36 00 00
2F 36 00 00
D1 35 00 00
5B 35 00 00
CD 34 00 00
27 34 00 00
6B 33 00 00
99 32 00 00
B1 31 00 00
B4 30 00 00
A2 2F 00 00
7E 2E 00 00
48 2D 00 00
00 2C 00 00
A9 2A 00 00
43 29 00 00
D0 27 00 00
52 26 00 00
C9 24 00 00
37 23 00 00
9E 21 00 00
00 20 00 00
5E 1E 00 00
BA 1C 00 00
15 1B 00 00
72 19 00 00
D2 17 00 00
37 16 00 00
A3 14 00 00
17 13 00 00
95 11 00 00
1E 10 00 00
B6 0E 00 00
5C 0D 00 00
13 0C 00 00
DB 0A 00 00
B7 09 00 00
A8 08 00 00
B0 07 00 00
CE 06 00 00
05 06 00 00
55 05 00 00
BF 04 00 00
44 04 00 00
E5 03 00 00
A3 03 00 00
7D 03 00 00
74 03 00 00
89 03 00 00
BB 03 00 00
0A 04 00 00
76 04 00 00
00 05 00 00
A6 05 00 00
68 06 00 00
46 07 00 00
3E 08 00 00
4F 09 00 00
7A 0A 00 00
BC 0B 00 00
15 0D 00 00
83 0E 00 00
05 10 00 00
99 11 00 00
3D 13 00 00
F1 14 00 00
B2 16 00 00
7F 18 00 00
55 1A 00 00
34 1C 00 00
18 1E 00 00
00 20 00 00
EA 21 00 00
D4 23 00 00
BD 25 00 00
A1 27 00 00
7F 29 00 00
55 2B 00 00
21 2D 00 00
E2 2E 00 00
95 30 00 00
38 32 00 00
CA 33 00 00
49 35 00 00
B3 36 00 00
07 38 00 00
44 39 00 00
68 3A 00 00
71 3B 00 00
5F 3C 00 00
31 3D 00 00
E5 3D 00 00
7B 3E 00 00
F3 3E 00 00
4B 3F 00 00
83 3F 00 00
9B 3F 00 00
93 3F 00 00
6B 3F 00 00
22 3F 00 00
BA 3E 00 00
32 3E 00 00
8B 3D 00 00
C5 3C 00 00
E2 3B 00 00
E2 3A 00 00
C6 39 00 00
90 38 00 00
40 37 00 00
D8 35 00 00
59 34 00 00
C6 32 00 00
1E 31 00 00
66 2F 00 00
9D 2D 00 00
C6 2B 00 00
E2 29 00 00
F5 27 00 00
FF 25 00 00
03 24 00 00
02 22 00 00
00 20 00 00
FE 1D 00 00
FD 1B 00 00
01 1A 00 00
0B 18 00 00
1E 16 00 00
3A 14 00 00
63 12 00 00
9A 10 00 00
E2 0E 00 00
3A 0D 00 00
A7 0B 00 00
28 0A 00 00
C0 08 00 00
70 07 00 00
3A 06 00 00
1E 05 00 00
1E 04 00 00
3B 03 00 00
75 02 00 00
CE 01 00 00
46 01 00 00
DE 00 00 00
95 00 00 00
6D 00 00 00
65 00 00 00
7D 00 00 00
B5 00 00 00
0D 01 00 00
85 01 00 00
1B 02 00 00
CF 02 00 00
A1 03 00 00
8F 04 00 00
98 05 00 00
BC 06 00 00
F9 07 00 00
4D 09 00 00
B7 0A 00 00
36 0C 00 00
C8 0D 00 00
6B 0F 00 00
1E 11 00 00
DF 12 00 00
AB 14 00 00
81 16 00 00
5F 18 00 00
43 1A 00 00
2C 1C 00 00
16 1E 00 00
00 20 00 00
E8 21 00 00
CC 23 00 00
AB 25 00 00
81 27 00 00
4E 29 00 00
0F 2B 00 00
C3 2C 00 00
67 2E 00 00
FB 2F 00 00
7D 31 00 00
EB 32 00 00
44 34 00 00
86 35 00 00
B1 36 00 00
C2 37 00 00
BA 38 00 00
98 39 00 00
5A 3A 00 00
00 3B 00 00
8A 3B 00 00
F6 3B 00 00
45 3C 00 00
77 3C 00 00
8C 3C 00 00
83 3C 00 00
5D 3C 00 00
1B 3C 00 00
BC 3B 00 00
41 3B 00 00
AB 3A 00 00
FB 39 00 00
32 39 00 00
50 38 00 00
58 37 00 00
49 36 00 00
25 35 00 00
ED 33 00 00
A4 32 00 00
4A 31 00 00
E2 2F 00 00
6B 2E 00 00
E9 2C 00 00
5D 2B 00 00
C9 29 00 00
2E 28 00 00
8E 26 00 00
EB 24 00 00
46 23 00 00
A2 21 00 00
00 20 00 00
62 1E 00 00
C9 1C 00 00
37 1B 00 00
AE 19 00 00
30 18 00 00
BD 16 00 00
57 15 00 00
00 14 00 00
B8 12 00 00
82 11 00 00
5E 10 00 00
4C 0F 00 00
4F 0E 00 00
67 0D 00 00
95 0C 00 00
D9 0B 00 00
33 0B 00 00
A5 0A 00 00
2F 0A 00 00
D1 09 00 00
8A 09 00 00
5C 09 00 00
45 09 00 00
47 09 00 00
5F 09 00 00
8F 09 00 00
D6 09 00 00
32 0A 00 00
A4 0A 00 00
2B 0B 00 00
C5 0B 00 00
72 0C 00 00
31 0D 00 00
01 0E 00 00
E1 0E 00 00
D0 0F 00 00
CB 10 00 00
D3 11 00 00
E6 12 00 00
03 14 00 00
27 15 00 00
53 16 00 00
84 17 00 00
B9 18 00 00
F0 19 00 00
29 1B 00 00
62 1C 00 00
9A 1D 00 00
CF 1E 00 00
00 20 00 00
2C 21 00 00
51 22 00 00
6F 23 00 00
84 24 00 00
8F 25 00 00
8F 26 00 00
84 27 00 00
6C 28 00 00
47 29 00 00
14 2A 00 00
D2 2A 00 00
81 2B 00 00
20 2C 00 00
AF 2C 00 00
2E 2D 00 00
9B 2D 00 00
F8 2D 00 00
44 2E 00 00
7F 2E 00 00
A9 2E 00 00
C3 2E 00 00
CC 2E 00 00
C4 2E 00 00
AD 2E 00 00
87 2E 00 00
52 2E 00 00
0E 2E 00 00
BD 2D 00 00
5F 2D 00 00
F5 2C 00 00
80 2C 00 00
FF 2B 00 00
76 2B 00 00
E3 2A 00 00
48 2A 00 00
A6 29 00 00
FF 28 00 00
52 28 00 00
A1 27 00 00
ED 26 00 00
36 26 00 00
7F 25 00 00
C7 24 00 00
0F 24 00 00
5A 23 00 00
A6 22 00 00
F6 21 00 00
4A 21 00 00
A2 20 00 00
00 20 00 00
64 1F 00 00
CF 1E 00 00
41 1E 00 00
BB 1D 00 00
3E 1D 00 00
C9 1C 00 00
5D 1C 00 00
FB 1B 00 00
A2 1B 00 00
53 1B 00 00
0D 1B 00 00
D2 1A 00 00
A0 1A 00 00
78 1A 00 00
5A 1A 00 00
46 1A 00 00
3A 1A 00 00
38 1A 00 00
3E 1A 00 00
4C 1A 00 00
62 1A 00 00
80 1A 00 00
A4 1A 00 00
CE 1A 00 00
FE 1A 00 00
34 1B 00 00
6E 1B 00 00
AB 1B 00 00
EC 1B 00 00
30 1C 00 00
75 1C 00 00
BB 1C 00 00
03 1D 00 00
4A 1D 00 00
90 1D 00 00
D5 1D 00 00
19 1E 00 00
5A 1E 00 00
97 1E 00 00
D2 1E 00 00
08 1F 00 00
3A 1F 00 00
67 1F 00 00
8E 1F 00 00
B0 1F 00 00
CD 1F 00 00
E3 1F 00 00
F3 1F 00 00
FD 1F 00 00
A5 A5 A5 A5
